name: graphsage_p2.7env
channels:
  - conda-forge
  - defaults
dependencies:
  - _libgcc_mutex=0.1=main
  - absl-py=0.9.0=py27h8c360ce_1
  - astor=0.7.1=py_0
  - backports=1.0=py_2
  - backports.weakref=1.0.post1=py27h8c360ce_1001
  - bleach=1.5.0=py27_0
  - c-ares=1.15.0=h516909a_1001
  - ca-certificates=2020.4.5.2=hecda079_0
  - certifi=2019.11.28=py27h8c360ce_1
  - decorator=4.4.2=py_0
  - enum34=1.1.10=py27h8c360ce_1
  - funcsigs=1.0.2=py_3
  - futures=3.3.0=py27h8c360ce_1
  - gast=0.3.3=py_0
  - grpcio=1.23.0=py27h0d4fe0a_1
  - html5lib=0.9999999=py27_0
  - libblas=3.8.0=14_openblas
  - libcblas=3.8.0=14_openblas
  - libedit=3.1.20181209=hc058e9b_0
  - libffi=3.3=he6710b0_1
  - libgcc-ng=9.1.0=hdf63c60_0
  - libgfortran-ng=7.5.0=hdf63c60_6
  - liblapack=3.8.0=14_openblas
  - libopenblas=0.3.7=h5ec1e0e_6
  - libprotobuf=3.11.4=h8b12597_0
  - libstdcxx-ng=9.1.0=hdf63c60_0
  - markdown=3.1.1=py_0
  - mock=3.0.5=py27h8c360ce_1
  - ncurses=6.2=he6710b0_1
  - networkx=1.11=py27_0
  - numpy=1.16.5=py27h95a1406_0
  - openssl=1.1.1g=h516909a_0
  - pip=19.3.1=py27_0
  - protobuf=3.11.4=py27he1b5a44_0
  - python=2.7.18=h15b4118_1
  - python_abi=2.7=1_cp27mu
  - readline=8.0=h7b6447c_0
  - scikit-learn=0.20.3=py27ha8026db_1
  - scipy=1.2.1=py27h921218d_2
  - setuptools=44.0.0=py27_0
  - six=1.15.0=pyh9f0ad1d_0
  - sqlite=3.31.1=h62c20be_1
  - tensorboard=1.8.0=py27_1
  - tensorflow=1.8.0=py27_1
  - termcolor=1.1.0=py_2
  - tk=8.6.8=hbc83047_0
  - webencodings=0.5.1=py_1
  - werkzeug=1.0.1=pyh9f0ad1d_0
  - wheel=0.33.6=py27_0
  - zlib=1.2.11=h7b6447c_3
prefix: /home/cqm5886/anaconda3/envs/graphsage_p2.7env

